52.8549 153.243 34.5505 -117.434
52.8549 153.243 35.1269 -118.83
52.8549 153.243 35.3444 -119.104
52.8549 153.243 32.68 -116.672
52.8549 153.243 34.2623 -116.921
52.8549 153.243 33.6552 -115.454
52.8549 153.243 34.0006 -115.998
52.8549 153.243 33.4019 -118.415
52.8549 153.243 36.4399 -118.08
52.8549 153.243 34.6375 -115.381
52.8549 153.243 34.2535 -118.334
52.8549 153.243 33.65 -117.009
52.8549 153.243 34.1062 -118.455
52.8549 153.243 34.8811 -117.994
52.8549 153.243 33.7126 -118.294
52.8549 153.243 36.4672 -116.863
52.8549 153.243 33.0515 -114.827
52.8549 153.243 34.7846 -115.66
52.8549 153.243 36.9961 -117.366
52.8549 153.243 35.3018 -116.806
52.8549 153.243 34.8294 -116.335
52.8549 153.243 32.6501 -116.109
52.8549 153.243 34.1574 -115.145
52.8549 153.243 35.4795 -117.682
52.8549 153.243 37.6302 -118.836
52.8549 153.243 36.058 -117.489
52.8549 153.243 34.8885 -119.814
52.8549 153.243 33.6 -117.195
52.8549 153.243 34.2236 -118.058
52.8549 153.243 34.7676 -114.619
52.8549 153.243 34.6145 -118.724
52.8549 153.243 34.1714 -118.185
52.8549 153.243 34.3034 -114.142
52.8549 153.243 35.4077 -120.546
52.8549 153.243 33.3536 -116.863
52.8549 153.243 33.7435 -118.404
52.8549 153.243 34.8753 -116.997
52.8549 153.243 34.4408 -119.715
52.8549 153.243 32.9799 -118.547
52.8549 153.243 33.9954 -119.635
52.8549 153.243 33.5526 -117.662
52.8549 153.243 35.8996 -116.275
52.8549 153.243 35.8909 -117.283
52.8549 153.243 35.3142 -119.996
52.8549 153.243 33.2479 -119.524
52.8549 153.243 34.1065 -117.098
52.8549 153.243 32.9451 -115.8
52.8549 153.243 37.0542 -118.23
52.8549 153.243 35.4358 -115.924
52.8549 153.243 34.0192 -118.286
52.8549 153.243 35.8409 -119.085
52.8549 153.243 36.321 -119.382
52.8549 153.243 34.5606 -117.33
53.9776 158.546 34.5505 -117.434
53.9776 158.546 35.1269 -118.83
53.9776 158.546 35.3444 -119.104
53.9776 158.546 32.68 -116.672
53.9776 158.546 34.2623 -116.921
53.9776 158.546 33.6552 -115.454
53.9776 158.546 34.0006 -115.998
53.9776 158.546 34.3334 -118.026
53.9776 158.546 33.4019 -118.415
53.9776 158.546 36.4399 -118.08
53.9776 158.546 34.6375 -115.381
53.9776 158.546 34.2535 -118.334
53.9776 158.546 33.65 -117.009
53.9776 158.546 34.1062 -118.455
53.9776 158.546 34.8811 -117.994
53.9776 158.546 33.7126 -118.294
53.9776 158.546 36.4672 -116.863
53.9776 158.546 33.0515 -114.827
53.9776 158.546 34.7846 -115.66
53.9776 158.546 36.9961 -117.366
53.9776 158.546 35.3018 -116.806
53.9776 158.546 34.8294 -116.335
53.9776 158.546 32.6501 -116.109
53.9776 158.546 34.1574 -115.145
53.9776 158.546 35.4795 -117.682
53.9776 158.546 37.6302 -118.836
53.9776 158.546 36.058 -117.489
53.9776 158.546 34.8885 -119.814
53.9776 158.546 33.6 -117.195
53.9776 158.546 34.2236 -118.058
53.9776 158.546 34.7676 -114.619
53.9776 158.546 34.6145 -118.724
53.9776 158.546 34.1714 -118.185
53.9776 158.546 34.3034 -114.142
53.9776 158.546 35.4077 -120.546
53.9776 158.546 33.3536 -116.863
53.9776 158.546 33.7435 -118.404
53.9776 158.546 34.8753 -116.997
53.9776 158.546 34.4408 -119.715
53.9776 158.546 32.9799 -118.547
53.9776 158.546 33.5526 -117.662
53.9776 158.546 35.8996 -116.275
53.9776 158.546 35.8909 -117.283
53.9776 158.546 35.3142 -119.996
53.9776 158.546 33.2479 -119.524
53.9776 158.546 34.1065 -117.098
53.9776 158.546 32.9451 -115.8
53.9776 158.546 37.0542 -118.23
53.9776 158.546 35.4358 -115.924
53.9776 158.546 34.0192 -118.286
53.9776 158.546 34.4837 -118.118
53.9776 158.546 35.8409 -119.085
53.9776 158.546 36.321 -119.382
53.9776 158.546 34.5606 -117.33
45.6161 148.959 34.5505 -117.434
45.6161 148.959 35.1269 -118.83
45.6161 148.959 35.3444 -119.104
45.6161 148.959 34.2623 -116.921
45.6161 148.959 34.2388 -117.659
45.6161 148.959 34.3334 -118.026
45.6161 148.959 33.4019 -118.415
45.6161 148.959 36.4399 -118.08
45.6161 148.959 34.6375 -115.381
45.6161 148.959 34.2535 -118.334
45.6161 148.959 33.65 -117.009
45.6161 148.959 34.1062 -118.455
45.6161 148.959 34.8811 -117.994
45.6161 148.959 33.7126 -118.294
45.6161 148.959 36.4672 -116.863
45.6161 148.959 34.7846 -115.66
45.6161 148.959 35.3018 -116.806
45.6161 148.959 35.4795 -117.682
45.6161 148.959 37.6302 -118.836
45.6161 148.959 34.8885 -119.814
45.6161 148.959 33.6 -117.195
45.6161 148.959 34.2236 -118.058
45.6161 148.959 34.7676 -114.619
45.6161 148.959 34.6145 -118.724
45.6161 148.959 34.1714 -118.185
45.6161 148.959 35.4077 -120.546
45.6161 148.959 33.3536 -116.863
45.6161 148.959 33.7435 -118.404
45.6161 148.959 34.8753 -116.997
45.6161 148.959 34.4408 -119.715
45.6161 148.959 32.9799 -118.547
45.6161 148.959 33.5526 -117.662
45.6161 148.959 35.8996 -116.275
45.6161 148.959 35.8909 -117.283
45.6161 148.959 35.3142 -119.996
45.6161 148.959 34.1065 -117.098
45.6161 148.959 37.0542 -118.23
45.6161 148.959 35.4358 -115.924
45.6161 148.959 34.0192 -118.286
45.6161 148.959 35.8409 -119.085
45.6161 148.959 36.321 -119.382
45.6161 148.959 34.5606 -117.33
54.203 154.322 34.5505 -117.434
54.203 154.322 35.1269 -118.83
54.203 154.322 35.3444 -119.104
54.203 154.322 32.68 -116.672
54.203 154.322 34.2623 -116.921
54.203 154.322 33.6552 -115.454
54.203 154.322 34.0006 -115.998
54.203 154.322 34.2388 -117.659
54.203 154.322 34.3334 -118.026
54.203 154.322 33.4019 -118.415
54.203 154.322 36.4399 -118.08
54.203 154.322 34.6375 -115.381
54.203 154.322 34.2535 -118.334
54.203 154.322 33.65 -117.009
54.203 154.322 34.1062 -118.455
54.203 154.322 32.6591 -116.101
54.203 154.322 34.8811 -117.994
54.203 154.322 33.7126 -118.294
54.203 154.322 36.4672 -116.863
54.203 154.322 33.0515 -114.827
54.203 154.322 34.7846 -115.66
54.203 154.322 36.9961 -117.366
54.203 154.322 35.3018 -116.806
54.203 154.322 34.8294 -116.335
54.203 154.322 34.1574 -115.145
54.203 154.322 35.6628 -118.474
54.203 154.322 34.1082 -119.066
54.203 154.322 35.4795 -117.682
54.203 154.322 37.6302 -118.836
54.203 154.322 36.058 -117.489
54.203 154.322 34.8885 -119.814
54.203 154.322 33.6 -117.195
54.203 154.322 34.2236 -118.058
54.203 154.322 34.7676 -114.619
54.203 154.322 34.6145 -118.724
54.203 154.322 34.1714 -118.185
54.203 154.322 34.3034 -114.142
54.203 154.322 35.4077 -120.546
54.203 154.322 33.3536 -116.863
54.203 154.322 36.3052 -119.244
54.203 154.322 33.7435 -118.404
54.203 154.322 34.8753 -116.997
54.203 154.322 34.4408 -119.715
54.203 154.322 32.9799 -118.547
54.203 154.322 33.9954 -119.635
54.203 154.322 33.5526 -117.662
54.203 154.322 35.8996 -116.275
54.203 154.322 35.8909 -117.283
54.203 154.322 35.3142 -119.996
54.203 154.322 34.1065 -117.098
54.203 154.322 32.9451 -115.8
54.203 154.322 37.0542 -118.23
54.203 154.322 35.4358 -115.924
54.203 154.322 34.0192 -118.286
54.203 154.322 34.4837 -118.118
54.203 154.322 34.5606 -117.33
49.8 145.064 34.5505 -117.434
49.8 145.064 35.1269 -118.83
49.8 145.064 35.3444 -119.104
49.8 145.064 34.2623 -116.921
49.8 145.064 34.0006 -115.998
49.8 145.064 34.2388 -117.659
49.8 145.064 34.3334 -118.026
49.8 145.064 33.4019 -118.415
49.8 145.064 36.4399 -118.08
49.8 145.064 34.6375 -115.381
49.8 145.064 34.2535 -118.334
49.8 145.064 33.65 -117.009
49.8 145.064 34.1062 -118.455
49.8 145.064 34.8811 -117.994
49.8 145.064 33.7126 -118.294
49.8 145.064 36.4672 -116.863
49.8 145.064 34.7846 -115.66
49.8 145.064 36.9961 -117.366
49.8 145.064 35.3018 -116.806
49.8 145.064 34.8294 -116.335
49.8 145.064 35.6628 -118.474
49.8 145.064 34.1082 -119.066
49.8 145.064 35.4795 -117.682
49.8 145.064 37.6302 -118.836
49.8 145.064 36.058 -117.489
49.8 145.064 34.8885 -119.814
49.8 145.064 33.6 -117.195
49.8 145.064 34.2236 -118.058
49.8 145.064 34.6145 -118.724
49.8 145.064 34.1714 -118.185
49.8 145.064 35.4077 -120.546
49.8 145.064 33.3536 -116.863
49.8 145.064 33.7435 -118.404
49.8 145.064 34.8753 -116.997
49.8 145.064 34.4408 -119.715
49.8 145.064 32.9799 -118.547
49.8 145.064 33.9954 -119.635
49.8 145.064 33.5526 -117.662
49.8 145.064 35.8996 -116.275
49.8 145.064 35.8909 -117.283
49.8 145.064 35.3142 -119.996
49.8 145.064 33.2479 -119.524
49.8 145.064 34.1065 -117.098
49.8 145.064 37.0542 -118.23
49.8 145.064 35.4358 -115.924
49.8 145.064 34.0192 -118.286
49.8 145.064 34.4837 -118.118
49.8 145.064 35.8409 -119.085
49.8 145.064 34.5606 -117.33
